#domain: 5 3.8 0.4
#dx_dy_dz: 0.01 0.01 0.01
#time_window: 60e-9
#waveform: gaussian 5000 4e8 my_ricker

#geometry_objects_read:  0 0 0 1624.h5 material_1.txt
#pml_cells: 3 3 3 3 3 3

#material: 3 0 1 0 PCB
#material: 6 0.2 1 0 ab1
#material: 6 0.4 1 0 ab2
#material: 6 0.6 1 0 ab3
#material: 6 0.8 1 0 ab4
#material: 6 1.0 1 0 ab5
#material: 6 1.2 1 0 ab6
#material: 6 1.4 1 0 ab7
#material: 6 1.6 1 0 ab8
#material: 6 1.8 1 0 ab9
#material: 6 2.0 1 0 ab10
#material: 6 2.2 1 0 ab11

#material: 3 0.45 1 0 sRes
#material: 1 59600000 1 0 pec1

#box: 4.32 3.04 0.14 4.5600000000000005 3.61 0.36 pec



#box: 4.33 3.04 0.15 4.44 3.05 0.35 PCB
#box: 4.44 3.04 0.15 4.55 3.05 0.35 PCB
#box: 4.32 3.03 0.15 4.55 3.04 0.35 PCB

#box: 4.3500000000000005 3.04 0.15 4.36 3.05 0.16 sRes
#box: 4.42 3.04 0.15 4.430000000000001 3.05 0.16 sRes
#box: 4.3500000000000005 3.04 0.34 4.36 3.05 0.35 sRes
#box: 4.42 3.04 0.34 4.430000000000001 3.05 0.35 sRes
#box: 4.45 3.04 0.15 4.46 3.05 0.16 sRes
#box: 4.5200000000000005 3.04 0.15 4.53 3.05 0.16 sRes
#box: 4.45 3.04 0.34 4.46 3.05 0.35 sRes
#box: 4.5200000000000005 3.04 0.34 4.53 3.05 0.35 sRes

#triangle: 4.3500000000000005 3.04 0.16 4.430000000000001 3.04 0.16 4.390000000000001 3.04 0.25 0.01 pec1
#triangle: 4.3500000000000005 3.04 0.34 4.430000000000001 3.04 0.34 4.390000000000001 3.04 0.25 0.01 pec1
#triangle: 4.45 3.04 0.16 4.53 3.04 0.16 4.49 3.04 0.25 0.01 pec1
#triangle: 4.45 3.04 0.34 4.53 3.04 0.34 4.49 3.04 0.25 0.01 pec1



#box: 4.33 3.05 0.15 4.55 3.0999999999999996 0.35 ab11
#box: 4.33 3.0999999999999996 0.15 4.55 3.15 0.35 ab10
#box: 4.33 3.15 0.15 4.55 3.1999999999999997 0.35 ab9
#box: 4.33 3.1999999999999997 0.15 4.55 3.25 0.35 ab8
#box: 4.33 3.25 0.15 4.55 3.3 0.35 ab7
#box: 4.33 3.3 0.15 4.55 3.3499999999999996 0.35 ab6
#box: 4.33 3.3499999999999996 0.15 4.55 3.4 0.35 ab5
#box: 4.33 3.4 0.15 4.55 3.4499999999999997 0.35 ab4
#box: 4.33 3.4499999999999997 0.15 4.55 3.5 0.35 ab3
#box: 4.33 3.5 0.15 4.55 3.55 0.35 ab2
#box: 4.33 3.55 0.15 4.55 3.5999999999999996 0.35 ab1




##hertzian_dipole: z 4.0200000000000005 3.04 0.01 my_ricker
##transmission_line: z 4.4 3.03 0.01 100 my_ricker
#voltage_source: z 4.390000000000001 3.04 0.25 111 my_ricker
#src_steps: 0.1 0 0


##waveform: gaussian 0 4e8 my_receiver
#rx: 4.49 3.04 0.25 my_receiver Ez

#rx_steps: 0.1 0 0

#geometry_view: 0 0 0 5 3.8 0.4 0.01 0.01 0.01 model_A_pml n


